Order,Site,Treatment,single.k,double.ks,double.k,double.A,asymp.k,asymp.A,weibull.beta,weibull.alpha,weibull.mrt,weibull.half.life,weibull.RSS,Single_AICc,Asym_AICc,Double_AICc,weibull.AIC,Best_Model_3,Best_Model_3all,Single_Asym,Single_Double,Aymp_Double,Weibull_Single,Weibull_double,Weibull_asymp,Best_Model_4,Best_Model_4all
166,Bogong,N,0.174410472,34.24491796,0.094395641,0.203450273,0.719480734,0.513290238,0.493863971,10.87621511,22.25968849,5.178135038,0.035327404,-20.12750503,-36.18139853,-23.55500431,-29.8815106,a,a,16.0538935,3.427499277,-12.62639422,-9.75400557,-6.32650629,6.29988793,a,a
162,Bogong,NP,0.153149001,0.153183197,0.153216148,1.996937723,0.670680358,0.545414352,0.511346887,13.11501148,25.18736149,6.404479285,0.037121072,-21.36917975,-36.49948942,-14.76917911,-29.28720085,a,a,15.13030967,-6.600000647,-21.73031031,-7.9180211,-14.51802174,7.21228857,a,a
165,Bogong,PK,0.191760609,0.001,0.39782838,0.353419174,0.39670742,0.350877562,0.782832962,6.053862845,6.968995575,3.790540628,0.033178088,-30.32867182,-34.49542545,-30.81939498,-30.63474231,a,a,4.166753631,0.490723156,-3.67603047,-0.30607049,0.18465267,3.86068314,a,a
167,Bogong,P,0.166345038,0.001,0.53861891,0.484494506,0.536052212,0.481558899,0.614508527,9.07056969,13.23860129,4.995824526,0.022259039,-27.16753358,-42.84155873,-39.13871583,-35.4244403,a,a,15.67402515,11.97118225,-3.7028429,-8.25690672,3.71427553,7.41711843,a,a
123,Sedgwick,NPK,0.158830776,0.001,0.631303622,0.445953067,0.627779638,0.443058958,0.459354867,9.655127355,22.87362008,4.347508324,0.328070311,-47.22875182,-78.45205716,-76.05094722,-69.66826449,a,a,31.22330534,28.8221954,-2.40110994,-22.43951267,6.38268273,8.78379267,a,a
125,Sedgwick,PK,0.120409376,0.12046213,0.120503992,2.208998265,0.642526188,0.539836979,0.388614529,21.72700002,78.35173031,8.460671615,0.09223425,-28.17391601,-48.61369347,-22.89613529,-44.82557895,a,a,20.43977746,-5.277780725,-25.71755818,-16.65166294,-21.92944366,3.78811452,a,a
115,Sagehen,PK,0.187398912,0.187402417,0.187414355,1.345223538,1.026955754,0.611401402,0.440906773,16.34231603,42.43519797,7.117005288,0.035697463,-15.99435372,-19.74148968,-7.765782291,-18.22820858,a,a,3.747135959,-8.228571431,-11.97570739,-2.23385486,-10.46242629,1.5132811,a,aw
16,Sierra,N,0.149445497,0.149445929,0.149462104,1.127509211,0.393826008,0.409156405,0.612728144,9.056842362,13.26645745,4.979626543,0.227208172,-54.21036317,-59.29939989,-49.48655368,-61.5119187,a,a,5.089036722,-4.723809496,-9.81284621,-7.30155553,-12.02536502,-2.21251881,w,aw
112,Sagehen,NP,0.190916699,0.190921061,0.190936547,1.271649864,0.958275736,0.594630318,0.470703181,13.62554141,30.66046112,6.254469404,0.011981653,-17.29326485,-23.70574364,-7.959931511,-23.3275454,a,a,6.412478785,-9.333333341,-15.74581213,-6.03428055,-15.36761389,0.37819824,a,aw
136,Sheep,N,0.090555667,0.090602056,0.090655028,1.864488558,0.959673058,0.665719156,0.390016755,48.41457435,172.7835895,18.91706726,0.433514691,-13.01811379,-16.73627948,-7.740335199,-13.87369601,a,a,3.71816569,-5.277778592,-8.995944281,-0.85558222,-6.133360811,2.86258347,a,aw
126,Sedgwick,N,0.15139411,0.647080856,0.052165928,0.38965124,0.424144248,0.406068785,0.608612874,8.660532295,12.79398177,4.742507105,0.080651304,-35.25665517,-45.98263081,-43.65672241,-43.8594622,a,ad ,10.72597565,8.400067247,-2.3259084,-8.60280703,-0.20273979,2.12316861,a,daw
130,Sedgwick,NK,0.175126279,0.001,0.483196797,0.377324138,0.481137817,0.374524961,0.605937671,6.919017492,10.27873837,3.778793451,0.371339752,-18.44962939,-21.8577986,-19.10787945,-19.14294791,a,ad ,3.408169208,0.65825006,-2.74991915,-0.69331852,-0.03506846,2.71485069,a,daw
122,Sedgwick,NP,0.162672597,0.035183556,0.569520813,0.530272959,0.452916987,0.40672185,0.592218088,8.242178133,12.61649345,4.438795134,0.072615536,-38.69074842,-51.560383,-48.89512698,-49.60863179,a,ad ,12.86963459,10.20437857,-2.66525602,-10.91788337,-0.71350481,1.95175121,a,daw
127,Sedgwick,P,0.145619771,0.395631326,0.042469337,0.475660853,0.309193182,0.348009,0.730635984,8.09764746,9.857494959,4.903445487,0.044148786,-53.03668444,-61.57149749,-58.86419514,-59.56090095,a,ad ,8.534813055,5.827510705,-2.70730235,-6.52421651,-0.69670581,2.01059654,a,daw
129,Sedgwick,Control,0.143795537,0.097576288,1.319114938,0.819089647,0.331419059,0.370565228,0.678552565,8.586077138,11.20678603,5.002824409,0.158758966,-91.63992194,-104.2158049,-104.6302997,-105.3585897,d,ad ,12.57588293,12.99037777,0.4144948,-13.71866776,-0.72829,-1.1427848,w,daw
124,Sedgwick,K,0.155309309,0.10259588,1.343475702,0.797366025,0.357541081,0.356644835,0.662373384,7.789578812,10.42627685,4.479242686,0.079253701,-44.75042829,-50.99920282,-50.19141162,-51.57667718,a,ad ,6.248774532,5.440983333,-0.8077912,-6.82624889,-1.38526556,-0.57747436,w,daw
17,Sierra,P,0.15746759,0.077255113,1.188428788,0.717976539,0.502788053,0.435023715,0.561253443,8.924289354,14.73449374,4.644812494,0.605083032,-27.1523263,-31.00083779,-29.62491991,-30.16794957,a,ad ,3.84851149,2.472593606,-1.37591788,-3.01562327,-0.54302966,0.83288822,a,daw
20,Sierra,NK,0.165763118,0.090020863,1.466511573,0.748625731,0.494466518,0.423486716,0.571816158,8.369587878,13.44824018,4.408973009,0.190993648,-49.11273374,-59.26444766,-60.31853191,-60.56506266,d,ad ,10.15171392,11.20579817,1.05408425,-11.45232892,-0.24653075,-1.300615,w,daw
180,Burrawan,NK,0.301268324,1.00E-05,0.391042772,0.153914875,0.391060457,0.153930686,1.093388598,3.195054045,3.08912747,2.285067844,0.221493949,-5.171005475,-1.850101936,2.949903943,-1.800367658,s,s,-3.320903539,-8.120909418,-4.800005879,3.370637817,-4.750271601,0.049734278,s,s
175,Burrawan,PK,0.235789197,0.156986929,0.269559082,0.276459627,0.257943509,0.066764572,1.021150869,4.170131172,4.134347022,2.912541508,0.028022655,-15.9716373,-11.77990069,-4.774918736,-12.77942548,s,s,-4.191736603,-11.19671856,-7.004981954,3.19221182,-8.004506744,-0.99952479,s,s
174,Burrawan,K,0.260920144,0.001,0.310429654,0.113972966,0.310348139,0.113290643,1.077904078,3.67130964,3.566920718,2.613067347,0.044250868,-16.04801756,-12.42504922,-6.824471683,-12.87555812,s,s,-3.622968345,-9.223545879,-5.600577537,3.17245944,-6.051086437,-0.4505089,s,s
204,Kiny,K,0.153922405,0.030371015,0.16019045,0.039442876,0.161263996,0.035271541,1.009275845,6.447034502,6.422207519,4.483822005,0.047807496,-19.02583423,-15.59912188,-10.79879883,-15.59928315,s,s,-3.426712348,-8.227035394,-4.80032305,3.42655108,-4.80048432,-0.00016127,s,s
26,Bunch,N,0.139412262,0.131404397,1.126448481,0.967785723,0.146432861,0.033896954,0.953794862,7.360258711,7.518190138,5.011959733,0.201293286,-27.49242507,-24.94668409,-22.11076727,-23.79876582,s,sa,-2.545740978,-5.381657806,-2.83591682,3.69365925,-1.68799855,1.14791827,s,sa
30,Bunch,NK,0.134028206,0.134060977,0.134156914,1.36028546,0.18937565,0.199803297,0.878043286,7.985764642,8.520129024,5.260575503,0.134838171,-34.06453187,-31.98338213,-28.6002456,-31.01114355,s,sa,-2.081149732,-5.464286269,-3.38313653,3.05338832,-2.41089795,0.97223858,s,sa
27,Bunch,P,0.132685579,0.936975005,0.112558462,0.085873201,0.197291582,0.228760082,0.869966505,8.156566432,8.749580922,5.352307952,0.262128558,-27.29390452,-25.1554212,-22.46539562,-23.93550849,s,sa,-2.138483318,-4.828508901,-2.69002558,3.35839603,-1.47011287,1.21991271,s,sa
7,CBGB,P,0.165957551,0.166072238,0.166190838,2.108459799,0.255115208,0.214315339,0.943106894,6.127767054,6.293352675,4.15456419,0.391169231,-11.6317392,-9.377860578,-5.917451581,-7.973226446,s,sa,-2.253878619,-5.714287616,-3.460408997,3.658512754,-2.055774865,1.404634132,s,sa
59,CDR,Control,0.179513332,0.179538017,0.179627651,1.282777366,0.224188315,0.126009086,0.889580347,5.77348939,6.114109636,3.823897173,0.316871641,-23.62401945,-21.28695861,-18.34624156,-20.14227428,s,sa,-2.337060845,-5.277777889,-2.94071705,3.48174517,-1.79603272,1.14468433,s,sa
60,CDR,NK,0.245753367,0.261037923,1.868500801,1.05358251,0.299342087,0.1,1.02973688,4.058805439,4.010636823,2.843284768,0.431016696,-17.74855828,-15.35040957,-12.57057648,-13.98927319,s,sa,-2.398148708,-5.177981804,-2.77983309,3.75928509,-1.41869671,1.36113638,s,sa
52,CDR,NP,0.304497854,1.00E-04,0.339490304,0.051962667,0.339497927,0.05193961,0.999370066,3.284068056,3.284943777,2.275816684,0.658848748,-7.717340975,-5.261514904,-2.411497636,-3.952640816,s,sa,-2.455826071,-5.305843338,-2.850017268,3.764700159,-1.54114318,1.308874088,s,sa
53,CDR,NPK,0.274077944,0.1,0.413683082,0.290308089,0.368828482,0.128145576,0.909479414,3.637022673,3.80522511,2.430685723,0.686115758,-8.345481114,-6.262937311,-3.404022411,-4.69128257,s,sa,-2.082543803,-4.941458703,-2.8589149,3.654198544,-1.287260159,1.571654741,s,sa
189,Cowichan,Control,0.251021191,0.239317931,2.078417691,0.958061877,0.251071538,1.00E-04,0.984577244,3.978991879,4.005746664,2.742238028,0.311784862,-19.66457923,-17.11362362,-14.30743785,-15.92285816,s,sa,-2.550955605,-5.357141373,-2.80618577,3.74172107,-1.61542031,1.19076546,s,sa
184,Cowichan,K,0.264725019,0.233162206,0.893718559,0.881403963,0.269283265,0.008527883,0.931890069,3.788094911,3.913611149,2.556304431,0.235215443,-22.05736661,-19.47046907,-16.75476205,-18.52402463,s,sa,-2.586897538,-5.302604554,-2.71570702,3.53334198,-1.76926258,0.94644444,s,sa
182,Cowichan,NP,0.291549436,0.273150389,1.436415643,0.941663875,0.291608734,1.00E-04,0.962595539,3.42823687,3.486706578,2.342669864,0.221168636,-23.24152941,-20.65048418,-17.79636569,-19.57082348,s,sa,-2.591045231,-5.445163722,-2.85411849,3.67070593,-1.77445779,1.0796607,s,sa
183,Cowichan,NPK,0.308664905,0.367283044,0.393949866,3.585134246,0.308666074,1.00E-07,1.030098498,3.243850389,3.204912095,2.272674323,0.114666285,-37.59553138,-35.04552959,-32.19966679,-33.92803081,s,sa,-2.550001784,-5.395864587,-2.8458628,3.66750057,-1.72836402,1.11749878,s,sa
185,Cowichan,PK,0.219357495,0.047940263,0.219627332,0.001,0.219397587,1.00E-04,0.956961889,4.576071363,4.6669288,3.120035839,0.21494121,-26.27619378,-23.72581536,-20.81052317,-22.61793761,s,sa,-2.550378426,-5.465670616,-2.91529219,3.65825617,-1.80741444,1.10787775,s,sa
76,Halls,N,0.392085029,0.500475501,0.001,0.904484789,0.500323292,0.094985466,1.005782842,2.55217727,2.546008048,1.772766296,0.366392632,-23.21296124,-21.72255182,-18.97530536,-19.42459767,s,sa,-1.490409416,-4.237655884,-2.74724646,3.78836357,-0.44929231,2.29795415,s,sa
80,Halls,NK,0.316929517,0.001,0.430943336,0.130813912,0.430650677,0.129938937,0.94344518,3.149106898,3.233636001,2.135360214,0.395822499,-19.37615524,-17.66583386,-14.87086361,-15.69289222,s,sa,-1.710321373,-4.505291626,-2.79497025,3.68326302,-0.82202861,1.97294164,s,sa
72,Halls,NP,0.325186861,0.374738097,13.52571647,1.147858331,0.337134033,0.017588154,1.059978958,3.087231437,3.017402488,2.184748992,0.385975716,-22.01043424,-19.56395308,-17.7747862,-18.33115009,s,sa,-2.446481152,-4.23564804,-1.78916688,3.67928415,-0.55636389,1.23280299,s,sa
77,Halls,P,0.48736074,0.001,0.575579314,0.05630763,0.575500772,0.056026731,1.075345518,2.094937706,2.03706008,1.489873347,0.33431885,-20.51412621,-18.47424411,-15.62306384,-16.84221827,s,sa,-2.039882103,-4.891062373,-2.85118027,3.67190794,-1.21915443,1.63202584,s,sa
99,Hopland,Control,0.191239183,0.231213858,0.249661459,3.479586057,0.191550825,0.001,0.991620356,5.237942802,5.256810813,3.61943778,0.200254642,-35.89705125,-33.4352943,-30.73396192,-32.11102858,s,sa,-2.461756951,-5.163089328,-2.70133238,3.78602267,-1.37706666,1.32426572,s,sa
100,Hopland,NK,0.238783407,0.238773941,0.238783485,0.001,0.23921593,0.001,0.982329899,4.191783251,4.224222472,2.886430171,0.383877179,-22.22596249,-19.76656615,-17.0247241,-18.44563787,s,sa,-2.459396342,-5.20123839,-2.74184205,3.78032462,-1.42091377,1.32092828,s,sa
93,Hopland,NPK,0.266144245,0.146137579,0.448158249,0.45561953,0.333581517,0.105541953,0.906880705,3.774877459,3.955507689,2.519904834,0.357542597,-21.21878412,-19.17771522,-16.43825193,-17.72711958,s,sa,-2.041068904,-4.780532194,-2.73946329,3.49166454,-1.28886765,1.45059564,s,sa
86,Lookout,N,0.130026423,0.130026506,0.130022772,0.312095988,0.130025424,1.00E-05,1.037136341,7.549032267,7.438710163,5.301713364,0.264255952,-27.52457499,-25.04088569,-22.24679725,-23.77384671,s,sa,-2.483689291,-5.277777735,-2.79408844,3.75072828,-1.52704946,1.26703898,s,sa
102,McL,NP,0.139731811,0.223842934,0.246400311,5.853953087,0.139751829,1.00E-04,1.084927727,6.921325721,6.709477082,4.937133501,0.295172466,-27.61715302,-25.16054486,-22.86888959,-23.96365753,s,sa,-2.456608153,-4.748263424,-2.29165527,3.65349549,-1.09476794,1.19688733,s,sa
107,McL,P,0.149643909,0.149644174,0.149640291,0.318316444,0.149646111,1.00E-05,1.048425319,6.566478983,6.443968777,4.629243995,0.288898214,-28.15063506,-25.69445533,-22.94939671,-24.41485075,s,sa,-2.456179735,-5.201238353,-2.74505862,3.73578431,-1.46545404,1.27960458,s,sa
134,Sheep,K,0.147407933,0.1307117,1.304321335,0.939161799,0.179494706,0.12768094,0.909345381,7.173962675,7.506329102,4.794199672,0.336956184,-27.11814894,-24.72191457,-22.28220171,-23.50129075,s,sa,-2.396234367,-4.835947226,-2.43971286,3.61685819,-1.21908904,1.22062382,s,sa
132,Sheep,NP,0.117758714,0.824303206,0.094065795,0.101081929,0.223299293,0.34940889,0.860580714,9.481779194,10.23748595,6.193384737,0.380805938,-20.01098459,-17.74027097,-15.03369796,-16.46641182,s,sa,-2.270713623,-4.977286627,-2.70657301,3.54457277,-1.43271386,1.27385915,s,sa
14,Sierra,K,0.165197324,0.143841164,2.993878127,0.919058689,0.165222908,1.00E-04,0.878222802,6.328991232,6.75169379,4.169541508,0.599430434,-38.1258918,-35.86369148,-34.67224693,-34.80879954,s,sa,-2.262200328,-3.453644876,-1.19144455,3.31709226,-0.13655261,1.05489194,s,sa
19,Sierra,Control,0.154150439,0.154760471,0.155929103,1.524778234,0.154152202,1.00E-05,0.901324932,6.799460984,7.148540444,4.527660653,0.297571849,-53.37863287,-51.08798257,-48.62765903,-50.05450103,s,sa,-2.290650291,-4.75097384,-2.46032354,3.32413184,-1.426842,1.03348154,s,sa
143,Spindle,NPK,0.509084819,0.001,0.559903079,0.037374525,0.55982922,0.037173759,1.082809313,1.98075619,1.921416204,1.411983338,0.244098783,-23.9094056,-21.67806632,-18.76291891,-20.32818562,s,sa,-2.231339281,-5.146486684,-2.91514741,3.58121998,-1.56526671,1.3498807,s,sa
154,Val,K,0.178302054,0.172958064,12.87193595,0.98383916,0.191731702,0.049159437,0.96701931,5.705929823,5.790957653,3.905918325,0.087128928,-32.30694499,-29.63082223,-26.5000167,-28.65809192,s,sa,-2.676122765,-5.806928298,-3.13080553,3.64885307,-2.15807522,0.97273031,s,sa
159,Val,Control,0.184988304,0.175767153,13.93816217,0.97239926,0.194578904,0.034175792,0.952248237,5.535550085,5.658702123,3.767074639,0.095408513,-30.90334335,-28.21859018,-25.20659631,-27.29640908,s,sa,-2.684753165,-5.696747037,-3.01199387,3.60693427,-2.08981277,0.9221811,s,sa
153,Val,NPK,0.186001979,0.001,0.294785517,0.253188225,0.29423629,0.25098696,0.864500524,5.796971288,6.241846163,3.793831371,0.18790598,-20.44253329,-18.24728305,-15.06500826,-17.12980027,s,sa,-2.195250238,-5.377525026,-3.18227479,3.31273302,-2.06479201,1.11748278,s,sa
6,CBGB,N,0.195882527,0.338402826,0.36427262,9.158472998,0.232759148,0.1,1.236216807,4.965808293,4.636980837,3.691735228,0.405534777,-12.3308415,-8.994029605,-7.51993647,-9.264043696,s,s,-3.336811899,-4.810905033,-1.474093135,3.066797804,-1.744107226,-0.270014091,s,sa
43,UNC,NPK,0.62916815,0.001,0.710322511,0.056310187,0.710211832,0.056090471,0.927756498,1.578629159,1.634607801,1.063434667,0.103989388,-14.67887956,-11.58883235,-7.30300088,-11.28174451,s,s,-3.090047202,-7.375878676,-4.28583147,3.39713505,-3.97874363,0.30708784,s,sa
39,Boulder,Control,0.170563765,0.102410041,0.1,25.42882464,0.170568974,1.00E-05,1.098707563,5.670453516,5.473614534,4.062033018,0.235878581,-10.60336066,-7.670015663,-4.103885084,-7.097612135,s,sa,-2.933344998,-6.499475576,-3.566130579,3.505748525,-2.993727051,0.572403528,s,sa
34,Boulder,K,0.176194668,0.286622927,0.321800851,5.274592946,0.176221908,1.00E-04,1.142327388,5.437618099,5.185187395,3.945176076,0.159551275,-15.09485654,-12.16127989,-8.818806942,-11.7890342,s,sa,-2.933576643,-6.276049594,-3.342472948,3.30582234,-2.970227258,0.37224569,s,sa
36,Boulder,N,0.140848532,0.038533097,0.140978275,0.001,0.140850419,1.00E-05,0.982500831,7.167081864,7.221990747,4.935518603,0.237148681,-10.63058356,-7.697245634,-4.030390572,-7.033170874,s,sa,-2.933337929,-6.600192991,-3.666855062,3.597412686,-3.002780302,0.66407476,s,sa
40,Boulder,NK,0.14405187,0.16468252,0.744106222,1.096717438,0.144253778,0.001,1.105458197,6.608981186,6.366766772,4.744002023,0.048314354,-29.28500383,-26.34902482,-23.16519024,-26.12467385,s,sa,-2.935979008,-6.119813593,-3.18383458,3.16032998,-2.95948361,0.22435097,s,sa
33,Boulder,NPK,0.09755633,1.795074125,0.085663106,0.047598515,0.097568596,1.00E-04,0.905485034,11.20557497,11.75150105,7.475579959,0.167701931,-14.72808573,-11.79472979,-8.315723335,-11.19116016,s,sa,-2.933355943,-6.412362399,-3.479006455,3.53692557,-2.875436825,0.60356963,s,sa
37,Boulder,P,0.129013065,0.129022865,0.129076972,1.215341743,0.243167377,0.337213014,0.804757427,9.008510012,10.16373291,5.712957823,0.196353172,-12.49325988,-9.861766644,-5.893259866,-9.298439117,s,sa,-2.63149324,-6.600000019,-3.968506778,3.194820763,-3.405179251,0.563327527,s,sa
35,Boulder,PK,0.173883567,0.193980213,1.530188656,1.077508483,0.173909674,1.00E-04,1.117564885,5.534088207,5.312702371,3.98672501,0.059133324,-26.742256,-23.80861091,-20.84239252,-23.69988282,s,sa,-2.933645091,-5.899863482,-2.96621839,3.04237318,-2.8574903,0.10872809,s,sa
23,Bunch,NPK,0.152912573,0.183788177,0.207319583,2.486867271,0.155190496,0.01,1.020220643,6.486156249,6.432850596,4.528638836,0.386299744,-15.80943382,-13.25261547,-10.35228804,-12.06545453,s,sa,-2.556818348,-5.457145772,-2.90032743,3.74397929,-1.71316649,1.18716094,s,sa
3,CBGB,NPK,0.130235084,0.130307285,0.130404906,1.755055691,0.359592153,0.442576319,0.68181864,10.12629756,13.15304497,5.915546215,0.539693696,-4.22950937,-1.975458588,1.644616981,-1.303899969,s,sa,-2.254050781,-5.874126351,-3.620075569,2.925609401,-2.94851695,0.671558619,s,sa
57,CDR,P,0.199625954,0.319502246,0.357741157,5.312876737,0.236111013,0.1,1.139696714,4.84575335,4.623972862,3.513155394,0.425101091,-11.94851033,-9.009792687,-6.647256857,-8.46299743,s,sa,-2.938717644,-5.301253474,-2.36253583,3.4855129,-1.815740573,0.546795257,s,sa
187,Cowichan,P,0.230061232,0.230059982,0.23005832,0.572653002,0.230064759,1.00E-05,1.184068379,4.35301239,4.109095831,3.194182395,0.42540331,-13.39950397,-10.84936041,-7.93521826,-10.32982118,s,sa,-2.550143559,-5.464285708,-2.91414215,3.06968279,-2.39460292,0.51953923,s,sa
63,Elliott,NPK,0.197255208,0.350220755,0.387460558,6.847483573,0.197253563,1.00E-07,1.212720829,4.760115111,4.465664712,3.518547269,0.345081741,-13.18793709,-10.55057412,-8.046565403,-9.978969841,s,sa,-2.637362972,-5.14137169,-2.504008717,3.208967249,-1.932404438,0.571604279,s,sa
73,Halls,NPK,0.423329769,0.4233193,0.423352576,0.727650815,0.43504423,0.012171353,1.13921493,2.38983239,2.280742811,1.732385073,0.477408251,-11.67905251,-9.135840372,-6.214766794,-8.253803512,s,sa,-2.543212136,-5.464285714,-2.921073578,3.425248998,-2.039036718,0.88203686,s,sa
90,Lookout,NK,0.113851917,0.103273206,0.924354364,0.952560358,0.141760322,0.1443165,0.923644454,9.260972383,9.611172829,6.227639435,0.152775058,-38.29839897,-35.91954576,-33.28942601,-34.73287708,s,sa,-2.378853211,-5.008972967,-2.63011975,3.56552189,-1.44345107,1.18666868,s,sa
87,Lookout,P,0.117754557,0.117756413,0.117750538,0.305626205,0.117756348,1.00E-05,1.078815769,8.140761337,7.906965464,5.795880266,0.070724168,-57.29301588,-54.83680498,-52.09177766,-53.96787933,s,sa,-2.4562109,-5.201238213,-2.74502732,3.32513655,-1.87610167,0.86892565,s,sa
85,Lookout,PK,0.135558951,0.207492197,0.234599117,4.387750357,0.135578562,1.00E-04,1.079284621,7.132827228,6.926933939,5.079023032,0.2330927,-32.5450751,-30.08858377,-27.66610276,-28.92225289,s,sa,-2.456491331,-4.878972348,-2.42248101,3.62282221,-1.25615013,1.16633088,s,sa
109,McL,Control,0.140599921,0.254347812,0.275545147,8.499784485,0.140798785,0.001,1.22682794,6.592979136,6.167610962,4.890315817,0.340545371,-23.98065473,-21.51843674,-19.81568286,-20.96089801,s,sa,-2.462217981,-4.164971867,-1.70275388,3.01975672,-1.14521515,0.55753873,s,sa
155,Val,PK,0.208227508,0.253779673,1.005904218,1.169624242,0.208258019,1.00E-04,1.165587767,4.538191449,4.302413977,3.313761179,0.277826102,-14.62244061,-11.92999198,-9.117452474,-11.26399543,s,sa,-2.692448628,-5.504988137,-2.812539506,3.35844518,-2.146542956,0.66599655,s,sa
160,Val,NK,0.180749179,0.122978483,0.847003267,0.810660629,0.337167123,0.323016251,0.796132285,6.369262373,7.241602548,4.019336363,0.034133082,-38.61328951,-39.29206169,-36.18582368,-38.50135856,a,sda,0.678772176,-2.427465838,-3.10623801,0.11193095,-2.31553488,0.79070313,a,sa
13,Sierra,NPK,0.155275697,0.155285863,0.155310547,1.389405102,0.310342268,0.330016686,0.749067721,7.501251265,8.940455057,4.59871878,0.199879924,-57.47982826,-60.34881179,-52.69960833,-59.20076364,a,sa,2.868983535,-4.780219925,-7.64920346,-1.72093538,-6.50115531,1.14804815,a,saw
177,Burrawan,P,0.288091946,0.288091112,0.288089499,0.839275404,0.288094477,1.00E-05,1.538159576,3.000330182,2.700705604,2.364205858,0.106112433,-9.148480602,-5.719858925,-0.919909175,-8.423432128,s,s,-3.428621677,-8.228571428,-4.79994975,0.725048474,-7.503522953,-2.703573203,s,saw
173,Burrawan,NPK,0.338856581,0.338855086,0.338858212,0.8576498,0.338856633,1.00E-07,1.344551271,2.692023367,2.470346461,2.049717206,0.120032536,-9.45608269,-6.027511119,-1.227511262,-7.314059571,s,s,-3.428571571,-8.228571428,-4.799999857,2.142023119,-6.086548309,-1.286548452,s,saw
50,UNC,NK,0.52067898,0.520675982,0.520682195,0.474675316,0.520767361,1.00E-04,1.531909864,1.89825351,1.709454053,1.494336033,0.136182471,-6.993652113,-3.56422785,1.234919316,-6.177963926,s,s,-3.429424263,-8.228571429,-4.799147166,0.815688187,-7.412883242,-2.613736076,s,saw
42,UNC,NP,0.598464966,0.598459856,0.598468598,0.490959904,0.598576164,1.00E-04,1.218858979,1.689711719,1.58320668,1.250891219,0.044617109,-17.97228599,-14.54147376,-9.743714559,-16.22086861,s,s,-3.430812224,-8.228571429,-4.797759201,1.75141738,-6.477154051,-1.67939485,s,saw
169,Bogong,Control,0.186810967,0.443252458,0.001,0.604106297,0.441831294,0.393259355,0.724089385,6.629977741,8.135017137,3.99654654,0.160706716,-13.86874892,-13.0876133,-9.418320968,-11.70244555,s,sa,-0.781135612,-4.450427948,-3.669292332,2.16630337,-2.284124582,1.38516775,s,saw
164,Bogong,K,0.176480605,0.001,0.345129876,0.343803324,0.344130148,0.341052436,0.816550403,6.479158566,7.236488798,4.136025982,0.070244804,-23.90690613,-23.14433852,-19.47567364,-21.6335822,s,sa,-0.76256761,-4.431232495,-3.66866488,2.27332393,-2.15790856,1.51075632,s,saw
32,Boulder,NP,0.116058857,0.116061483,0.116067975,1.322927029,0.500347223,0.580348731,0.623618176,14.57830302,20.89712992,8.099596577,0.216862232,-6.674041157,-4.377872278,0.825958848,-3.932010272,s,sa,-2.296168879,-7.500000005,-5.203831126,2.742030885,-4.75796912,0.445862006,s,saw
29,Bunch,Control,0.126243316,0.626572482,0.095778201,0.136981962,0.20859392,0.284048271,0.853888845,8.811607203,9.559490742,5.736458001,0.062047638,-47.03771871,-46.05256915,-43.49533163,-44.98225546,s,sa,-0.98514956,-3.542387081,-2.55723752,2.05546325,-1.48692383,1.07031369,s,saw
24,Bunch,K,0.113201026,0.113418883,0.113599063,2.197038673,0.258584361,0.417086807,0.750267538,11.30651301,13.45802535,6.936999264,0.04316139,-49.84131739,-51.86053318,-44.37698614,-51.51546538,a,sa,2.019215795,-5.46433125,-7.48354704,-1.67414799,-7.13847924,0.3450678,a,saw
22,Bunch,NP,0.1488154,1.00E-04,0.244717494,0.266579533,0.244690031,0.266349839,0.875770145,7.194008905,7.686963273,4.733879357,0.132540231,-37.40860061,-36.34330888,-33.49314465,-34.42118832,s,sa,-1.065291737,-3.915455965,-2.85016423,2.98741229,-0.92804367,1.92212056,s,saw
25,Bunch,PK,0.106072922,0.1061916,0.106301138,1.995246065,0.287119022,0.483299399,0.722377458,13.10513237,16.11399053,7.89029532,0.082994936,-37.20686477,-36.8974546,-31.6273703,-36.23330342,s,sa,-0.309410174,-5.579494472,-5.2700843,0.97356135,-4.60593312,0.66415118,s,saw
2,CBGB,NP,0.100174376,0.001552511,1.00E-04,56.08672235,0.101416282,0.01,4.842640032,5.924308123,5.429451217,5.492477235,0.324117823,-5.289765496,-2.439188669,-0.190217961,-5.09836611,s,sa,-2.850576827,-5.099547535,-2.248970708,0.191399386,-4.908148149,-2.659177441,s,saw
5,CBGB,PK,0.162625041,0.362011285,0.381364008,18.49672912,0.162856898,0.001,2.748389849,5.328203603,4.741237807,4.662998236,0.430902398,-6.158723149,-3.515541483,-2.759640852,-6.425365217,s,sa,-2.643181666,-3.399082297,-0.755900631,-0.266642068,-3.665724365,-2.909823734,w,saw
10,CBGB,NK,0.158367088,0.158365925,0.158360462,0.912959592,0.158593079,0.001,1.143218857,5.98149587,5.70249738,4.340863735,0.368097028,-8.712206097,-5.952866838,-2.645539436,-5.208245668,s,sa,-2.759339259,-6.066666661,-3.307327402,3.503960429,-2.562706232,0.74462117,s,saw
54,CDR,K,0.220504129,0.361372752,0.39134784,7.806709179,0.220539786,1.00E-04,1.171857919,4.469241321,4.23072552,3.268909413,0.279334087,-28.09204573,-25.63501088,-23.87818045,-25.12183496,s,sa,-2.457034851,-4.213865282,-1.75683043,2.97021077,-1.24365451,0.51317592,s,saw
56,CDR,N,0.252139521,0.190709498,1.094967163,0.791105556,0.36097824,0.160998682,0.807717305,4.030513042,4.535644797,2.560313764,0.408431542,-15.91671587,-14.09425044,-11.48242137,-13.03786463,s,sa,-1.822465428,-4.434294504,-2.61182907,2.87885124,-1.55544326,1.05638581,s,saw
55,CDR,PK,0.176517413,0.320119413,0.355425005,7.035765666,0.176785308,0.001,1.241914865,5.348848467,4.989280409,3.981911971,0.369370219,-19.9920913,-17.50408589,-15.67097026,-17.07622082,s,sa,-2.488005403,-4.321121034,-1.83311563,2.91587048,-1.40525056,0.42786507,s,saw
190,Cowichan,NK,0.252007783,0.19947637,1.796591291,0.828969274,0.270690272,0.033816399,0.818619349,3.963066621,4.418667502,2.532728833,0.298798355,-19.12971339,-16.62114927,-15.46938738,-16.68865843,s,sa,-2.508564114,-3.660326003,-1.15176189,2.44105496,-1.21927105,-0.06750916,s,saw
69,Elliott,Control,0.170906319,0.171282035,0.171567728,2.258851676,0.190020459,0.067769271,0.93168328,6.031044086,6.231575063,4.069549288,0.117160754,-37.06408287,-34.56230058,-31.5997849,-33.54065418,s,sa,-2.50178229,-5.464297974,-2.96251568,3.52342869,-1.94086928,1.0216464,s,saw
64,Elliott,K,0.184635888,0.10164342,0.1,44.4418518,0.184661867,1.00E-04,1.268323284,5.009323927,4.650490325,3.752140932,0.3649042,-15.82496968,-13.27458804,-10.83336257,-13.09107209,s,sa,-2.550381637,-4.991607113,-2.44122547,2.73389759,-2.25770952,0.18351595,s,saw
66,Elliott,N,0.181413288,0.32491031,0.378857568,4.995702523,0.181415979,1.00E-05,1.239555474,5.173198345,4.827578773,3.848987776,0.274737391,-18.73261988,-16.14210446,-14.06470802,-15.88368958,s,sa,-2.590515419,-4.667911855,-2.07739644,2.8489303,-1.81898156,0.25841488,s,saw
62,Elliott,NP,0.139525097,0.260997929,0.292103049,6.416540909,0.13954395,1.00E-04,1.222015503,6.474267222,6.062339652,4.796615168,0.189819133,-27.67237726,-25.12197199,-23.25222522,-24.85520914,s,sa,-2.550405268,-4.420152043,-1.86974677,2.81716812,-1.60298392,0.26676285,s,saw
67,Elliott,P,0.1966862,0.363264442,0.387096338,11.33964934,0.196691058,1.00E-05,1.289422924,4.793284485,4.434358925,3.60733825,0.284124291,-19.98039215,-17.43030547,-15.98524263,-17.59508728,s,sa,-2.550086679,-3.995149522,-1.44506284,2.38530487,-1.60984465,-0.16478181,s,saw
74,Halls,K,0.44169418,0.441691576,0.441696897,0.711137579,0.441790339,1.00E-04,1.551845906,2.260081924,2.032447749,1.784650112,0.354198052,-14.06432985,-11.51343181,-8.600044135,-13.62708739,s,sa,-2.550898037,-5.464285714,-2.913387675,0.43724246,-5.027043255,-2.11365558,s,saw
75,Halls,PK,0.520620163,0.520618058,0.52062143,0.737011545,0.520750993,1.00E-04,1.255449531,2.004401863,1.865029028,1.496917652,0.129042486,-41.35256668,-38.89290198,-36.15132829,-41.339438,s,sa,-2.459664701,-5.201238389,-2.74157369,0.01312868,-5.18810971,-2.44653602,s,saw
94,Hopland,K,0.180113665,0.147622793,9.925178082,0.882055553,0.258392412,0.184763813,0.784604428,5.955570775,6.844249809,3.73294032,0.309032068,-25.31039319,-23.3623992,-21.99135734,-23.00006756,s,sa,-1.947993995,-3.319035856,-1.37104186,2.31032563,-1.00871022,0.36233164,s,saw
96,Hopland,N,0.218181592,0.757553908,0.149148199,0.269511926,0.328449728,0.186588198,0.81039756,4.72782831,5.308064199,3.007781779,0.245429184,-29.86476991,-28.96239507,-26.69726384,-27.83923622,s,sa,-0.902374847,-3.167506076,-2.26513123,2.02553369,-1.14197238,1.12315885,s,saw
209,Kiny,Control,0.141287684,0.141289147,0.14129679,1.235642109,0.29650274,0.408475058,0.833291522,8.51175493,9.378580149,5.48277066,0.018400851,-26.14039904,-24.37431716,-17.91182762,-24.19235276,s,sa,-1.766081879,-8.228571422,-6.46248954,1.94804628,-6.28052514,0.1819644,s,saw
206,Kiny,N,0.119784766,0.619689185,0.001,0.359296668,0.615500561,0.637480795,0.587246802,17.92357295,27.74953794,9.602236219,0.041221572,-16.8223504,-18.44037607,-13.63061685,-16.93326976,a,sa,1.618025671,-3.191733553,-4.80975922,-0.11091936,-3.30265291,1.50710631,a,saw
202,Kiny,NP,0.134226119,0.134227857,0.134239101,1.265894504,0.838313288,0.64081028,0.454294371,24.75065872,60.06766684,11.04610667,0.065459611,-11.60180983,-14.49063877,-3.373238405,-12.77102519,a,sa,2.888828938,-8.228571429,-11.11740037,-1.16921536,-9.397786785,1.71961358,a,saw
203,Kiny,NPK,0.151855861,0.151858081,0.151872229,1.242511621,0.521252799,0.53523995,0.701801177,9.570718453,12.08526805,5.677222894,0.134333461,-8.837242638,-6.917835589,-0.608671209,-6.300998112,s,sa,-1.919407049,-8.228571429,-6.30916438,2.536244526,-5.692326903,0.616837477,s,saw
207,Kiny,P,0.12534859,0.452912759,0.001,0.425012216,0.450387317,0.571468363,0.719992985,11.94330057,14.72896526,7.178710829,0.06244162,-15.4004926,-13.83159464,-9.029012339,-13.19583672,s,sa,-1.568897965,-6.371480261,-4.802582301,2.20465588,-4.166824381,0.63575792,s,saw
205,Kiny,PK,0.148449186,0.282982354,0.001,0.630699783,0.282043508,0.366002493,0.855412892,7.814931541,8.468904951,5.091502798,0.037540281,-20.59699274,-17.85409376,-13.05398253,-17.77519448,s,sa,-2.742898985,-7.543010212,-4.80011123,2.82179826,-4.72121195,0.07889928,s,saw
210,Kiny,NK,0.13910357,0.139110318,0.139142828,1.245824806,0.306794305,0.427509624,0.791218088,9.20388236,10.51175487,5.791545754,0.005089209,-33.12888193,-34.19952449,-24.90031045,-35.759823,a,sa,1.070642558,-8.228571481,-9.29921404,-2.63094107,-10.85951255,-1.56029851,w,saw
89,Lookout,Control,0.124901307,0.209088105,0.247063426,3.980539646,0.125073054,0.001,1.147178058,7.464404538,7.108989064,5.42303047,0.109168351,-44.2401741,-41.74983835,-40.18599608,-41.45438586,s,sa,-2.490335751,-4.054178017,-1.56384227,2.78578824,-1.26838978,0.29545249,s,saw
84,Lookout,K,0.121886169,0.121898468,0.121944598,1.306949087,0.275470878,0.394044223,0.761914567,9.92146691,11.66301567,6.132845082,0.123337318,-39.94394195,-40.5690754,-34.66616397,-39.01374916,a,sa,0.625133451,-5.277777978,-5.90291143,0.93019279,-4.34758519,1.55532624,a,saw
82,Lookout,NP,0.120671424,0.12068387,0.120744029,1.24071743,0.222256507,0.322412518,0.757339809,9.963027821,11.76854918,6.140666223,0.158904977,-38.35291732,-36.97533008,-33.1516788,-36.96797939,s,sa,-1.377587245,-5.201238528,-3.82365128,1.38493793,-3.81630059,0.00735069,s,saw
83,Lookout,NPK,0.134377932,0.101350359,0.1,23.68337307,0.134380738,1.00E-07,1.119919367,7.075477027,6.787933681,5.100648178,0.062556788,-55.05060124,-52.56693944,-50.35589088,-52.59071456,s,sa,-2.483661803,-4.694710356,-2.21104856,2.45988668,-2.23482368,-0.02377512,s,saw
104,McL,K,0.120904381,1.816528889,0.090899562,0.122840743,0.206271595,0.292984641,0.736791932,10.16225639,12.28148909,6.179493058,0.409755236,-19.74741718,-17.54349287,-16.07305446,-17.07565375,s,sa,-2.203924309,-3.674362723,-1.47043841,2.67176343,-1.00259929,0.46783912,s,saw
106,McL,N,0.156758111,0.15675736,0.156755679,0.320826928,0.156760448,1.00E-05,1.25477618,5.935575439,5.523521963,4.43208319,0.28149856,-25.08597408,-22.60223084,-19.80819632,-22.50966304,s,sa,-2.483743234,-5.277777759,-2.79403452,2.57631104,-2.70146672,0.0925678,s,saw
103,McL,NPK,0.138942558,0.101063489,0.1,34.30033662,0.138942604,1.00E-07,1.284263348,6.558185029,6.072169906,4.92993708,0.322884168,-24.65847255,-22.20233155,-19.77434947,-22.0792471,s,sa,-2.456140998,-4.884123079,-2.42798208,2.57922545,-2.30489763,0.12308445,s,saw
105,McL,PK,0.116285413,0.116353867,0.116418648,2.025872,0.524038479,0.532217622,0.522845643,15.23920249,28.15998796,7.560027326,0.716396036,-6.745771183,-6.236253135,-1.544531816,-5.34351779,s,sa,-0.509518048,-5.201239367,-4.691721319,1.402253393,-3.798985974,0.892735345,s,saw
114,Sagehen,K,0.204275642,0.001,0.482982997,0.438375792,0.481635216,0.435989843,0.787253359,6.058179624,6.94472677,3.803228533,0.056847719,-16.8130884,-14.29623612,-9.49558831,-14.04054024,s,sa,-2.51685228,-7.317500092,-4.80064781,2.77254816,-4.54495193,0.25569588,s,saw
119,Sagehen,Control,0.180515538,0.180522836,0.180543439,1.346699255,0.677747909,0.564979488,0.638211056,9.268146352,12.92777761,5.218978601,0.029559124,-20.40543836,-20.97053002,-12.17686691,-19.92639287,a,sa,0.565091665,-8.228571446,-8.79366311,0.47904549,-7.74952596,1.04413715,a,saw
116,Sagehen,N,0.200983318,1.00E-04,1.410730708,0.617992254,1.409955996,0.617808339,0.287983392,38.23099808,428.0227633,10.70765554,0.097235604,-8.532161146,-9.533078546,-4.732697328,-9.209692662,a,sa,1.000917401,-3.799463818,-4.800381218,-0.677531516,-4.476995334,0.323385884,a,saw
113,Sagehen,NPK,0.186546192,0.186576244,0.186619694,1.693895491,0.888831118,0.590105864,0.50081194,12.41589498,24.75765263,5.972347585,0.024917081,-16.39702753,-17.84657229,-7.063694042,-17.47012952,a,sa,1.449544758,-9.333333487,-10.78287825,-1.07310199,-10.40643548,0.37644277,a,saw
117,Sagehen,P,0.198676781,0.001,0.652995012,0.522288922,0.650387259,0.519868734,0.644837674,7.842186631,10.81065746,4.442145913,0.038156097,-15.25122668,-13.75984895,-8.159681145,-14.06107351,s,sa,-1.491377729,-7.091545533,-5.600167805,1.19015317,-5.901392365,-0.30122456,s,saw
139,Sheep,Control,0.125940601,0.126073546,0.126169013,2.216222854,0.475943421,0.51224211,0.671859293,10.81486415,14.26038779,6.26764786,0.482471648,-14.08584727,-13.45855212,-8.808066272,-11.73376654,s,sa,-0.62729515,-5.277780996,-4.650485848,2.35208073,-2.925700268,1.72478558,s,saw
133,Sheep,NPK,0.131521527,0.131619524,0.13169783,2.220468264,0.698413428,0.545722211,0.531240214,13.1400149,23.64266033,6.591248365,0.336111281,-16.18470403,-18.899262,-10.81999559,-16.74062295,a,sa,2.714557966,-5.364708445,-8.07926641,-0.55591892,-5.92062736,2.15863905,a,saw
137,Sheep,P,0.115377444,0.115382241,0.115406293,1.275696311,0.665698239,0.575704134,0.557337807,15.14967046,25.27587697,7.848835534,0.321863921,-8.840541473,-8.827614878,-2.773874802,-7.08729369,s,sa,-0.012926595,-6.066666671,-6.053740076,1.753247783,-4.313418888,1.740321188,a,saw
135,Sheep,PK,0.094214074,0.040368737,0.001235879,2.093572314,0.292389992,0.52379453,0.800219461,13.21499555,14.96969287,8.358982478,0.155830221,-40.16435232,-39.29638657,-34.01637373,-37.37830481,s,sa,-0.867965745,-6.147978588,-5.28001284,2.78604751,-3.36193108,1.91808176,s,saw
15,Sierra,PK,0.137243956,0.137248494,0.137273067,1.260806427,0.354528962,0.416367943,0.657024021,9.655716852,13.03751515,5.527370633,0.301152399,-49.55654787,-52.35683869,-44.83273834,-52.49592547,a,sa,2.800290817,-4.723809536,-7.52410035,-2.9393776,-7.66318713,-0.13908678,w,saw
12,Sierra,NP,0.151675949,0.151705511,0.151779664,1.41685751,0.235228681,0.237669603,0.719286848,7.83373089,9.669409737,4.706236086,0.473649452,-38.82871771,-37.10212973,-34.1049078,-38.00469181,s,sa,-1.726587985,-4.72380991,-2.99722193,0.8240259,-3.89978401,-0.90256208,s,saw
146,Spindle,N,0.447020707,0.299703585,0.28227294,7.50000438,0.447031184,1.00E-05,1.22609139,2.287947479,2.140643369,1.696771319,0.350890448,-20.66724387,-18.18346352,-15.71370672,-18.10272853,s,sa,-2.483780355,-4.953537149,-2.4697568,2.56451534,-2.38902181,0.08073499,s,saw
149,Spindle,Control,0.421416009,0.421414858,0.421419881,0.755457861,0.421423924,1.00E-05,1.381805072,2.390507821,2.183349417,1.833567808,0.296674924,-9.818380215,-7.060668832,-3.751713548,-8.22817948,s,sa,-2.757711383,-6.066666667,-3.308955284,1.590200735,-4.476465932,-1.167510648,s,saw
150,Spindle,NK,0.450082307,0.450078731,0.45008529,0.63983985,0.451072241,0.001,1.278498791,2.246911766,2.082373555,1.686882732,0.165377984,-25.87127184,-23.2698431,-20.29178466,-24.51258409,s,sa,-2.601428743,-5.579487179,-2.97805844,1.35868775,-4.22079943,-1.24274099,s,saw
156,Val,N,0.199332752,0.001,0.356356618,0.292748144,0.355598091,0.290516047,0.824497751,5.498677337,6.101298959,3.525346999,0.095448096,-29.62214937,-29.05746212,-25.87290926,-27.29018719,s,sa,-0.564687253,-3.749240114,-3.18455286,2.33196218,-1.41727793,1.76727493,s,saw
157,Val,P,0.187319192,12.4785679,0.157285776,0.08754693,0.28300732,0.229933802,0.810646639,5.953908545,6.683190626,3.788324189,0.096850474,-29.38451287,-27.27531841,-25.26768101,-27.071402,s,sa,-2.109194467,-4.116831859,-2.0076374,2.31311087,-1.80372099,0.20391641,s,saw
110,McL,NK,0.149629941,0.107444386,2.658057837,0.848322937,0.286915631,0.319026523,0.683759642,8.276764902,10.72004207,4.842476272,0.177140313,-29.07245715,-27.86073511,-28.32989319,-28.91012583,s,sda,-1.211722047,-0.742563961,0.46915808,0.16233132,-0.58023264,-1.04939072,s,saw
120,Sagehen,NK,0.201362007,0.078459711,1.335661256,0.742670328,0.775177629,0.551274584,0.563932713,9.284052104,15.22105057,4.847072717,0.021795482,-20.58786905,-22.62235203,-17.89740751,-22.66860074,a,sda,2.034482975,-2.690461543,-4.72494452,-2.08073169,-4.77119323,-0.04624871,w,saw
163,Bogong,NPK,0.191192697,0.736644086,0.001,0.470860513,0.733772644,0.526810561,0.543738201,9.658689654,16.73946759,4.922401966,0.093228381,-12.20293401,-14.92709844,-10.6270922,-12.37411117,a,sda,2.724164425,-1.575841814,-4.30000624,-0.17117716,-1.74701897,2.55298727,a,sdaw
170,Bogong,NK,0.183435948,0.001,0.461006254,0.413215652,0.459314324,0.41046351,0.702270042,6.954073073,8.775585039,4.126502209,0.082540755,-20.26647494,-21.63744665,-17.96706417,-19.69791228,a,sda,1.370971711,-2.299410772,-3.67038248,0.56856266,-1.73084811,1.93953437,a,sdaw
9,CBGB,Control,0.211355313,0.415187741,0.44158339,14.61794337,0.211707236,0.001,1.526772546,4.735717603,4.266310198,3.725033896,0.568697879,-9.603267596,-7.109376361,-6.667079332,-8.445223215,s,sda,-2.493891235,-2.936188265,-0.442297029,1.158044381,-1.778143883,-1.335846854,s,sdaw
186,Cowichan,N,0.344706159,12.60521957,0.219605406,0.296784034,0.410106683,0.071152808,0.666622835,2.761602187,3.671363933,1.59361574,0.621871945,-3.911248112,-1.512069688,-1.071723247,-1.996075144,s,sda,-2.399178424,-2.839524865,-0.440346441,1.915172968,-0.924351897,-0.484005456,s,sdaw
65,Elliott,PK,0.216722769,0.459524651,0.492883123,13.46459809,0.217053459,0.001,1.482596589,4.318953996,3.904562389,3.373001819,0.203827838,-19.70674738,-17.10211278,-18.82401236,-20.95886948,s,sda,-2.604634606,-0.882735019,1.72189958,-1.2521221,-2.13485712,-3.8567567,w,sdaw
92,Hopland,NP,0.264644495,0.021974119,0.662766773,0.325868136,0.619718907,0.282758567,0.604385236,3.943908452,5.878270027,2.150605723,0.587951296,-8.107429643,-10.13209116,-7.350438936,-7.779327421,a,sda,2.024661519,-0.756990707,-2.781652224,0.328102222,-0.428888485,2.352763739,a,sdaw
97,Hopland,P,0.14016391,0.077373635,1.008619894,0.759172458,0.400120675,0.430997628,0.622846981,9.674894003,13.88913908,5.371388857,0.485177543,-13.162358,-12.6347487,-10.17216585,-11.6219119,s,sda,-0.527609302,-2.990192151,-2.46258285,1.5404461,-1.44974605,1.0128368,s,sdaw
95,Hopland,PK,0.161405136,0.090939334,0.902198263,0.738658787,0.379893152,0.368463929,0.671419097,7.591834209,10.01734578,4.398199326,0.25604309,-22.47116382,-22.88897452,-20.43007074,-21.91045739,a,sda,0.417810698,-2.04109308,-2.45890378,0.56070643,-1.48038665,0.97851713,a,sdaw
140,Sheep,NK,0.174746701,0.102858065,34.16829701,0.77687103,0.693616458,0.462560569,0.44239218,9.788045645,25.21901944,4.274564193,0.448017947,-8.595715407,-8.354291044,-8.624783842,-9.397500232,d,sda,-0.241424363,0.029068434,0.270492798,-0.801784825,-0.77271639,-1.043209188,w,sdaw
152,Val,NP,0.172178346,0.050497923,0.473181139,0.546416934,0.371862902,0.371050485,0.754105967,6.945117102,8.232230938,4.271716498,0.059141511,-34.61939721,-35.72816166,-32.55730792,-34.46993029,a,sda,1.10876445,-2.062089291,-3.17085374,0.14946692,-1.91262237,1.25823137,a,sdaw
179,Burrawan,Control,0.289828944,0.720024855,0.801555481,10.03439511,0.290217683,0.001,1.606362226,2.829254143,2.535718334,2.252070048,0.050312035,-13.98751557,-10.55368881,-10.27090209,-15.13972635,s,s,-3.433826769,-3.716613488,-0.28278672,-1.15221078,-4.86882426,-4.58603754,w,sw
176,Burrawan,N,0.275182686,0.275182061,0.275180744,0.732020821,0.275186323,1.00E-05,1.762405991,2.939782611,2.617175269,2.387803609,0.098414113,-6.011431276,-2.278050951,3.321902056,-6.481084261,s,s,-3.733380325,-9.333333333,-5.599953007,-0.469652985,-9.802986317,-4.20303331,w,sw
172,Burrawan,NP,0.376266211,0.376264714,0.376267375,0.736417467,0.376315901,1.00E-04,2.070036766,2.192887363,1.942457664,1.837053389,0.117813857,-2.083738156,2.116636063,9.116261844,-2.726777263,s,s,-4.200374219,-11.2,-6.999625781,-0.643039107,-11.84303911,-4.843413326,w,sw
142,Spindle,NP,0.432977108,0.432974802,0.432979031,0.703698909,0.433052032,1.00E-04,1.658405792,2.139389897,1.912305305,1.715179146,0.093684916,-10.42868673,-7.212848026,-2.928686729,-12.32526113,s,s,-3.215838703,-7.5,-4.284161297,-1.8965744,-9.396574401,-5.112413104,w,sw
46,UNC,N,0.574115739,0.57410929,0.574118415,0.530928402,0.574216308,1.00E-04,1.468121234,1.76319141,1.596042023,1.373658863,0.055750164,-12.90064168,-9.470061241,-4.672070251,-14.21600201,s,s,-3.430580439,-8.228571429,-4.79799099,-1.31536033,-9.543931759,-4.745940769,w,sw
45,UNC,PK,0.402354177,0.402351668,0.402354779,0.710431152,0.402947928,0.001,1.930420196,2.278828304,2.021192727,1.884758465,0.125533411,-5.27562656,-1.840258498,2.952944869,-6.910777623,s,s,-3.435368061,-8.228571428,-4.793203367,-1.635151063,-9.863722492,-5.070519125,w,sw
4,CBGB,K,0.180396848,0.100991003,0.1,71.62764995,0.180423361,1.00E-04,2.542545589,5.118452259,4.543388388,4.43133168,0.438671439,-7.05283165,-4.461582314,-2.460339401,-7.928794533,s,sa,-2.591249336,-4.592492249,-2.001242913,-0.875962883,-5.468455132,-3.467212219,w,sw
79,Halls,Control,0.504182728,0.50417797,0.504185767,0.513101919,0.505399996,0.001,1.582135904,2.072592371,1.860204405,1.644017821,0.26611093,-18.65996842,-16.09472573,-13.19568271,-18.77406092,s,sa,-2.565242696,-5.464285714,-2.89904302,-0.1140925,-5.57837821,-2.67933519,w,sw
147,Spindle,P,0.451665848,0.245109328,0.230920148,11.48689463,0.451673756,1.00E-05,1.465949031,2.299364486,2.08179359,1.790715514,0.165709762,-18.64834353,-15.95581482,-14.13009548,-19.01535862,s,sa,-2.692528711,-4.518248044,-1.82571934,-0.36701509,-4.88526314,-3.0595438,w,sw
49,UNC,Control,0.476886957,0.476884546,0.476888238,0.535127546,0.477611782,0.001,2.156774237,2.062938804,1.826948811,1.740540817,0.124249436,-3.332857822,0.105675996,4.895713607,-7.003304962,s,s,-3.438533818,-8.228571428,-4.790037611,-3.67044714,-11.89901857,-7.108980958,w,w
44,UNC,K,0.457148663,0.457146543,0.457150125,0.639423838,0.457219894,1.00E-04,1.790741719,2.086467492,1.855939366,1.700294427,0.066607532,-8.8935863,-5.463903469,-0.665014872,-12.61456614,s,s,-3.429682831,-8.228571428,-4.798888597,-3.72097984,-11.94955127,-7.150662671,w,w
47,UNC,P,0.496305194,0.496303606,0.496304647,0.517565555,0.4963844,1.00E-04,1.834543509,1.94949854,1.732167466,1.596458788,0.06703197,-7.76865043,-4.338894332,0.459920999,-12.55739805,s,s,-3.429756098,-8.228571428,-4.798815331,-4.78874762,-13.01731905,-8.218503718,w,w
144,Spindle,K,0.550260912,0.550258269,0.5502626,0.598605724,0.550384815,1.00E-04,3.078632899,1.653013243,1.477826054,1.467483878,0.180750118,-11.92216152,-9.284072301,-6.207875802,-20.3256227,s,sa,-2.638089216,-5.714285714,-3.076196499,-8.40346118,-14.1177469,-11.0415504,w,w
145,Spindle,PK,0.546950047,0.546946921,0.546951924,0.437166367,0.547063015,1.00E-04,2.899811807,1.64360847,1.465584673,1.448461768,0.136129105,-7.074249908,-4.140794065,-0.474249908,-13.69417348,s,sa,-2.933455843,-6.6,-3.666544157,-6.619923572,-13.21992357,-9.553379415,w,w
70,Elliott,NK,0.16993641,0.414503493,0.442333556,15.70134206,0.170163106,0.001,1.870830667,4.755545703,4.222132575,3.909471753,0.141985352,-17.49624324,-14.79491186,-17.2000909,-21.33306779,s,sda,-2.701331379,-0.29615234,2.40517904,-3.83682455,-4.13297689,-6.53815593,w,w
